Tiempo,Carvajal_Sevillana_CO_pmm
1,1.00876890625
2,1.1587077976190476
3,1.1621707738095237
4,1.2228212650602408
5,1.2447159036144577
6,1.358308154761905
7,1.0791025748502994
8,0.8886767857142857
9,0.9750802976190476
10,1.3099006547619048
11,1.0845114906832298
12,1.02367
13,1.018034880952381
14,1.166901904761905
15,1.138302857142857
16,0.851952951807229
17,1.2195498795180724
18,1.0761825
19,1.329718303030303
20,1.3148473770491804
21,
22,1.0886012903225808
23,1.19520625
24,1.285816011904762
25,1.1602734523809524
26,1.3170112048192772
27,0.9721733333333333
28,1.1726610714285715
29,1.121050843373494
30,1.0782917365269462
31,1.073888622754491
32,1.307719761904762
33,1.2046724404761906
34,1.1157681325301205
35,1.1802176506024098
36,1.1089958333333332
37,1.3080286904761904
38,1.4923353293413173
39,1.2626695808383235
40,0.9736176506024097
41,1.2518293452380953
42,1.4092122754491017
43,1.3444175449101796
44,1.2803928313253012
45,1.2650583636363637
46,0.9102080722891566
47,0.9311606547619048
48,1.2783723270440253
49,1.1953361904761906
50,1.1859199404761906
51,1.349877245508982
52,1.2148638095238096
