Tiempo,Carvajal_Sevillana_CO_pmm
1,1.6114785714285715
2,2.02806875
3,1.7746506666666668
4,1.915920238095238
5,1.7195833333333335
6,1.9029192771084336
7,2.5490464285714287
8,2.0541160714285716
9,1.9547661870503596
10,1.9298065476190476
11,2.5870160714285713
12,2.5318125
13,2.090729861111111
14,1.8345144578313253
15,2.035445882352941
16,1.1848899224806202
17,1.6485152777777778
18,1.6526198757763975
19,1.6390041666666668
20,1.349468263473054
21,1.4997595238095238
22,1.8495598484848483
23,1.7958994047619048
24,1.6363721311475408
25,1.8650803571428571
26,1.7036965034965035
27,1.7010666666666667
28,1.604334523809524
29,1.6561471428571428
30,1.6575416666666667
31,1.9143949044585988
32,1.8324470238095236
33,1.8086130952380952
34,1.6450359281437126
35,1.7439097222222222
36,1.9750011904761906
37,1.6421065476190475
38,1.5923125748502993
39,1.8984270833333332
40,1.637817857142857
41,2.0978815476190475
42,2.1675744047619045
43,2.059207142857143
44,1.95363661971831
45,1.8831242424242425
46,2.0187315476190477
47,2.1537194444444445
48,1.9653489361702126
49,1.6308059523809522
50,2.265915476190476
51,1.9955845238095238
52,2.2058224999999996
53,2.033385416666667
