Tiempo,Centro_de_Alto_Rendimiento_CO_pmm
1,0.6597260427807486
2,1.0994830952380952
3,0.5779908490566038
4,0.671276305732484
5,0.8732004191616766
6,0.7907565454545454
7,0.7955955688622754
8,0.7033640718562874
9,0.8837207738095239
10,0.7766991666666666
11,0.9640893452380952
12,0.5294234337349398
13,0.6110505389221557
14,0.6851634756097561
15,1.0122151190476192
16,0.6099941176470588
17,0.7182064150943396
18,0.6570623529411764
19,0.6381165034965035
20,0.4082837735849057
21,0.4383302068965517
22,0.5865378527607362
23,0.6008506293706294
24,0.639960375
25,0.3235182738095238
26,0.36545958083832336
27,0.45364972972972967
28,1.0674217021276595
29,0.3222604
30,0.4664914556962026
31,0.6187459722222222
32,0.812530487804878
33,0.4823161904761905
34,0.4167689880952381
35,0.5887815476190477
36,0.37699141732283464
37,1.2713035329341318
38,0.7526351497005989
39,1.2264697604790418
40,0.49902375
41,1.1148017261904761
42,0.9160047619047619
43,1.2587733734939759
44,0.9258652121212122
45,0.8661088235294118
46,2.062936766467066
47,1.9020742857142856
48,1.400425393939394
49,0.7892783333333333
50,1.3666002976190477
51,1.4095726347305388
52,1.1969460714285713
