Tiempo,Las_Ferias_CO_pmm
1,0.6438629761904762
2,0.7222314864864865
3,0.5964426347305389
4,0.5390563095238095
5,0.8762608571428571
6,0.7140563473053892
7,0.4783152317880795
8,0.5511699999999999
9,0.821386814159292
10,0.7508126347305389
11,0.7740656547619047
12,0.691941616766467
13,0.7160938787878788
14,0.804052479338843
15,0.8788222155688622
16,0.8611769461077845
17,1.460737469879518
18,1.0744461788617887
19,0.7105630952380952
20,0.793945628742515
21,0.6083411377245509
22,0.8754773134328357
23,0.8213160240963855
24,0.8871959523809524
25,0.8983209580838323
26,0.6199514084507043
27,0.7806347142857143
28,0.6654067857142858
29,0.5239513173652695
30,0.6873355357142857
31,0.8801563559322034
32,0.649839880952381
33,0.5674496428571428
34,0.41893226190476185
35,0.6547270895522388
36,0.7197718543046357
37,0.8678202409638553
38,0.5088924516129033
39,0.5898705988023952
40,0.7798472368421053
41,0.8154755688622753
42,0.5223766666666667
43,0.6852405988023952
44,0.7689603546099291
45,0.7841875595238095
46,1.0242024404761905
47,0.8897182517482517
48,0.9462663120567376
49,0.7389111445783133
50,0.7434532142857142
51,0.7218192215568862
52,0.5980957142857143
