Tiempo,Las_Ferias_CO_pmm
1,0.8656717708333334
2,0.749890975609756
3,0.5749310119047619
4,0.642321369047619
5,1.068574787878788
6,0.8559790419161677
7,0.8325270658682634
8,0.7631113772455089
9,0.7433994642857142
10,0.7064924242424243
11,0.7316124096385542
12,0.9072901796407186
13,0.9508012574850299
14,0.7865031137724552
15,0.6683444642857143
16,1.0015863855421687
17,1.0645045508982036
18,0.7886225748502994
19,0.6154849700598802
20,0.6562890853658536
21,0.8569398203592814
22,0.9459798203592815
23,0.6568160119047619
24,0.6546778571428571
25,0.6211141916167665
26,0.7552079761904762
27,0.6790197023809524
28,0.5327059523809524
29,0.5278276047904191
30,0.5679829518072289
31,0.7425322023809523
32,0.634575
33,0.7129635329341317
34,0.5228290419161676
35,0.6339493975903615
36,0.755186
37,0.702424251497006
38,1.0657508982035928
39,0.9497550299401198
40,0.8878195808383234
41,0.6077373652694611
42,0.7873530538922154
43,0.6711955952380952
44,0.6532319277108434
45,0.800743630952381
46,0.8840662068965518
47,0.7550348872180451
48,0.8259086585365853
49,0.7502107738095238
50,0.8138151497005988
51,0.5560939156626505
52,0.6059373170731708
