Tiempo,Kennedy_CO_pmm
1,1.0528354166666667
2,0.8006357575757574
3,0.8523383233532934
4,0.8942349397590362
5,0.78843
6,1.0233671328671328
7,0.8030869047619047
8,0.922157738095238
9,0.8727754545454546
10,1.001753472222222
11,0.9948730538922156
12,1.0292654545454545
13,0.9503572327044024
14,1.1043580952380951
15,0.9548180722891566
16,0.8314005952380952
17,0.9543849397590362
18,0.9618191666666667
19,0.9338566037735849
20,0.9641901515151515
21,1.266296153846154
22,0.8785729166666667
23,1.022325
24,1.4743317365269462
25,1.5668811688311688
26,0.9070583333333334
27,0.7931737288135593
28,0.7372367469879518
29,0.43730416666666666
30,0.6781753086419753
31,0.8903781954887218
32,0.9172510416666667
33,
34,
35,0.9142038167938932
36,0.7846176056338028
37,1.2144448484848485
38,0.9982574850299402
39,0.8880795180722891
40,0.8548083916083916
41,1.0705059523809524
42,0.9509524096385542
43,0.7376952095808383
44,0.8305231707317073
45,0.7743852112676056
46,0.5691682634730539
47,0.8301664670658683
48,0.884794011976048
49,0.783579020979021
50,0.9190553571428571
51,0.677422619047619
52,0.8004591666666666
53,0.7609704225352113
