,pi,e,phi
0,"0       0.446550
1       0.471360
2       0.596800
3       0.491180
4       0.386650
          ...   
8755    0.475350
8756    0.462490
8757    0.477655
8758    0.514835
8759    0.545320
Name: Usaquen_CO_pmm, Length: 8760, dtype: float64","0       0.497675
1       0.382980
2       0.441050
3       0.374040
4       0.323875
          ...   
8755    0.686000
8756    0.653580
8757    0.653710
8758    0.679870
8759    0.687640
Name: Usaquen_CO_pmm, Length: 8760, dtype: float64","0       0.5488
1       0.2946
2       0.2853
3       0.2569
4       0.2611
         ...  
8755    0.2647
8756    0.2714
8757    0.3016
8758    0.3498
8759    0.4030
Name: Usaquen_CO_pmm, Length: 8760, dtype: float64"
