Tiempo,Puente_Aranda_CO_pmm
1,0.8185409638554217
2,1.0558818181818184
3,1.4330736526946106
4,1.6876476190476193
5,0.942154248366013
6,0.9650738095238095
7,0.9053679611650485
8,0.9917128205128205
9,0.8579232394366197
10,1.0196868263473053
11,1.0105892215568864
12,1.0111616766467066
13,0.9329114649681528
14,0.9608863095238095
15,0.6084291666666667
16,0.663259880239521
17,1.0994409638554217
18,0.8395580838323353
19,0.9923541666666666
20,0.8204557575757576
21,0.8208893081761006
22,0.9826119760479043
23,0.9224687116564417
24,0.847500909090909
25,0.9739651898734178
26,0.8476363095238094
27,0.8002494047619048
28,0.6479416666666667
29,1.409829518072289
30,1.6759830303030303
31,0.9257286585365854
32,0.9522439024390245
33,0.7687809523809523
34,1.010564705882353
35,0.8131867469879518
36,1.080839880952381
37,0.9606600000000001
38,0.9595512048192771
39,0.9542265060240964
40,0.8337706586826348
41,1.0627360248447206
42,1.1530680722891566
43,1.077152380952381
44,0.8407644578313254
45,1.0008443113772454
46,1.2344309523809525
47,1.2936355421686747
48,0.7458150602409639
49,0.845506626506024
50,1.3455107142857141
51,0.9183321428571428
52,0.7261308333333333
53,1.124611320754717
