Tiempo,Puente_Aranda_CO_pmm
1,0.9774596842105263
2,0.8642091017964072
3,0.698795421686747
4,0.9286286227544911
5,1.3627655688622755
6,0.9400580120481928
7,1.0729472891566265
8,1.0419601796407185
9,1.295928630952381
10,0.7797356287425149
11,1.1890842857142858
12,1.1828640963855421
13,1.1632122754491019
14,0.8481552702702703
15,0.9129970238095237
16,1.0815158083832335
17,1.0098014371257484
18,0.7207870833333333
19,0.8438636526946107
20,1.0130037349397591
21,0.8190511515151515
22,0.8841439520958084
23,0.6529362237762237
24,0.9855895402298851
25,0.6832486153846155
26,0.95914
27,0.6139540972222223
28,0.6199084431137725
29,0.5087690419161677
30,0.8514921656050956
31,0.7097807092198581
32,0.5931402994011976
33,0.5637909580838324
34,0.30140413173652697
35,0.5177253614457831
36,0.7791034722222222
37,0.7689476363636364
38,0.9877091044776118
39,0.626197380952381
40,0.832163611111111
41,0.6223775
42,1.1790664457831326
43,0.862065644171779
44,0.8965083443708609
45,0.7822082035928144
46,1.0133834782608695
47,1.170192358490566
48,0.9134212025316456
49,0.8685185029940119
50,0.8938438554216868
51,0.8314086826347304
52,0.7520192215568863
