Tiempo,Tunal_CO_pmm
1,0.7058863095238095
2,0.8920327380952381
3,0.7846458333333334
4,0.8801898203592815
5,0.818979761904762
6,0.8604592814371257
7,1.0244341317365269
8,1.05155
9,0.7991244047619048
10,1.061567857142857
11,1.307326347305389
12,1.1557389221556886
13,0.9220827380952381
14,0.8180813253012048
15,0.5525571428571429
16,0.5912769696969696
17,0.8595257485029939
18,0.7825481927710843
19,0.7077232142857143
20,0.5182844311377246
21,0.6806784431137725
22,0.8134815476190476
23,0.6321567901234568
24,0.335979375
25,0.47052335329341316
26,0.6315443113772455
27,0.6208005988023952
28,0.6801347305389221
29,0.7837413173652695
30,0.7570797619047619
31,0.9496873493975904
32,0.9147363636363637
33,1.067102380952381
34,0.5707210843373494
35,0.8157632530120481
36,0.9658372549019608
37,0.7219844311377245
38,0.7604461077844311
39,0.9236993865030674
40,0.7487804195804195
41,1.0652464285714285
42,1.058477108433735
43,1.04852
44,0.849622077922078
45,0.981122619047619
46,0.9424173652694611
47,1.3727788819875777
48,0.8189713414634145
49,0.6964388888888888
50,1.1071240963855422
51,0.8954547619047618
52,0.9683466666666667
53,0.8693236111111111
