Tiempo,Tunal_CO_pmm
1,0.9342607329842932
2,0.9067876470588235
3,0.5396961676646707
4,0.4518001190476191
5,0.918558502994012
6,1.0311325
7,0.9783488333333333
8,0.7387845238095238
9,0.68853874251497
10,0.8455886227544911
11,0.7269496666666666
12,0.9296132335329341
13,0.8698916766467065
14,0.8033671428571428
15,0.7467441176470588
16,0.8127207784431137
17,0.7067599999999999
18,0.7468039285714285
19,0.8098859166666668
20,0.7928980838323354
21,0.8702802976190476
22,0.9771689221556886
23,0.7507936309523809
24,0.765392
25,0.4946360975609756
26,0.7485597604790419
27,0.7628550595238095
28,0.8184088333333333
29,1.0790500598802395
30,1.1995049101796407
31,1.0346078571428572
32,0.73033375
33,0.9015615277777778
34,0.695745843373494
35,0.7876152976190476
36,0.7936932727272729
37,0.6940709243697479
38,1.0570876047904192
39,1.0198666467065869
40,0.8728488023952096
41,0.878133025210084
42,1.1043970833333334
43,
44,0.7402094285714286
45,0.8346707784431138
46,
47,
48,0.7911779166666667
49,0.7113411904761905
50,0.7689435416666667
51,0.4953873394495413
52,0.4807235329341317
