Tiempo,Usaquen_CO_pmm
1,0.41061190476190473
2,0.6451392857142857
3,0.4962592814371257
4,0.4102732142857143
5,0.45176467065868264
6,0.43126578947368427
7,0.4959827380952381
8,0.37501437125748505
9,0.4090065476190476
10,0.5166781690140846
11,0.5970035928143713
12,0.4937944099378882
13,0.424521686746988
14,0.4608383647798743
15,0.32678443113772454
16,0.4029255952380953
17,0.5357636904761905
18,0.38660778443113775
19,0.3224132530120482
20,0.28252559523809523
21,0.47559464285714287
22,0.3940732142857143
23,0.36998749999999997
24,0.37321607142857144
25,0.4369814371257485
26,0.2963410714285714
27,0.3901470238095238
28,0.2634071856287425
29,0.3511982142857143
30,0.31078855421686746
31,0.4634389221556886
32,0.44240416666666665
33,0.4723910714285714
34,0.37690538922155686
35,0.4224279761904762
36,0.5256515151515152
37,0.35133035714285715
38,0.34098809523809526
39,0.4620491017964072
40,0.4142789156626506
41,0.6637684523809524
42,0.6000796407185629
43,0.562488125
44,0.4190287425149701
45,0.4890464285714286
46,0.5015307228915662
47,0.7303517857142857
48,0.37094969696969693
49,0.3592928143712575
50,0.5496910179640718
51,0.5318488095238095
52,0.4543425
53,0.36646527777777776
