Tiempo,Usaquen_CO_pmm
1,0.42547732142857136
2,0.5220972619047619
3,0.23980838235294116
4,0.41384553571428573
5,0.6238313095238095
6,0.4026689285714286
7,0.5500149700598803
8,0.6508829341317366
9,0.5915157738095238
10,0.37047744047619047
11,0.7091635416666667
12,
13,0.3182453846153846
14,0.3032082876712329
15,0.5698714583333333
16,
17,0.4206063225806451
18,0.46053272727272726
19,0.404543869047619
20,0.3535911309523809
21,0.2718294610778443
22,0.36006937499999997
23,0.35631904761904765
24,0.37282240963855423
25,0.20586380952380953
26,0.2519544642857143
27,0.3124041304347826
28,0.5399842708333333
29,
30,0.17063614379084968
31,0.43645986301369866
32,0.3926917857142857
33,0.2044589880952381
34,0.2555103592814371
35,0.48844298611111114
36,0.36064312499999995
37,0.6969420238095237
38,0.4440538095238095
39,0.4513234730538922
40,0.564351981981982
41,0.668257619047619
42,0.8493869642857144
43,0.9680272619047618
44,0.7862058518518518
45,0.4860654861111111
46,0.6438205732484077
47,0.4346136904761905
48,0.6989799346405229
49,0.4218409722222222
50,0.6493209523809524
51,0.6386652873563218
52,0.13731522727272727
